0 0.0916193181818182 0.14973958333333334 0.1150568181818182 0.05989583333333332
0 0.1947443181818182 0.14843750000000003 0.06903409090909093 0.04947916666666668
0 0.09119318181818184 0.22786458333333337 0.08522727272727273 0.05729166666666668
0 0.20497159090909092 0.21940104166666669 0.13210227272727276 0.048177083333333356
0 0.10269886363636363 0.30013020833333337 0.08267045454545455 0.06119791666666671
0 0.19389204545454547 0.29817708333333337 0.08607954545454549 0.05989583333333332
0 0.10823863636363637 0.36458333333333337 0.0715909090909091 0.05208333333333329
0 0.18920454545454546 0.36653645833333326 0.07840909090909091 0.05078125
0 0.0997159090909091 0.427734375 0.08522727272727273 0.055989583333333426
0 0.18835227272727273 0.423828125 0.08522727272727273 0.05078125
0 0.10014204545454547 0.49544270833333326 0.0963068181818182 0.053385416666666644
0 0.19133522727272725 0.48697916666666663 0.07755681818181819 0.04166666666666671
0 0.1994318181818182 0.5572916666666667 0.09204545454545456 0.057291666666666644
0 0.09801136363636363 0.6256510416666667 0.08863636363636365 0.06380208333333343
0 0.2803977272727273 0.6308593749999998 0.09886363636363639 0.07682291666666675
0 0.09545454545454547 0.6927083333333333 0.11079545454545454 0.07291666666666685
0 0.1900568181818182 0.6861979166666665 0.08522727272727273 0.0546875
0 0.09375 0.763671875 0.09886363636363636 0.04557291666666686
0 0.18835227272727273 0.7623697916666667 0.0681818181818182 0.055989583333333426
0 0.10056818181818183 0.8274739583333333 0.08863636363636365 0.055989583333333426
0 0.10014204545454547 0.8919270833333335 0.09801136363636363 0.07291666666666657
0 0.19857954545454548 0.890625 0.08863636363636367 0.0625
0 0.42613636363636365 0.14908854166666666 0.0886363636363636 0.05338541666666668
0 0.5164772727272727 0.15039062499999997 0.08693181818181812 0.06380208333333331
0 0.421875 0.21549479166666663 0.09886363636363633 0.07942708333333331
0 0.515625 0.22135416666666669 0.08011363636363626 0.06510416666666664
0 0.5117897727272728 0.29231770833333337 0.0860795454545454 0.05598958333333332
0 0.41931818181818187 0.353515625 0.09204545454545453 0.0716145833333334
0 0.5160511363636364 0.35416666666666663 0.0860795454545454 0.05989583333333329
0 0.4163352272727273 0.42317708333333326 0.0860795454545454 0.0625
0 0.4150568181818182 0.48502604166666674 0.09034090909090907 0.06640624999999993
0 0.5160511363636364 0.48697916666666663 0.09801136363636359 0.06510416666666671
0 0.41590909090909095 0.5540364583333333 0.09545454545454547 0.055989583333333356
0 0.5215909090909091 0.5546875 0.09715909090909086 0.0390625
0 0.4150568181818182 0.6223958333333333 0.0886363636363636 0.057291666666666574
0 0.4223011363636364 0.7506510416666665 0.08948863636363641 0.05078125
0 0.5245738636363636 0.8216145833333335 0.09460227272727273 0.0625
0 0.4197443181818183 0.8912760416666667 0.09289772727272727 0.07161458333333343
0 0.5224431818181818 0.8880208333333335 0.09375 0.0625
0 0.7525568181818181 0.13736979166666669 0.07670454545454547 0.055989583333333356
0 0.7491477272727274 0.2109375 0.0852272727272728 0.04427083333333329
0 0.7563920454545454 0.275390625 0.08096590909090906 0.05338541666666668
0 0.7555397727272728 0.34700520833333337 0.07585227272727281 0.05338541666666671
0 0.8620738636363637 0.2890625 0.09801136363636359 0.0703125
0 0.8748579545454547 0.35807291666666663 0.0997159090909092 0.06510416666666671
0 0.7529829545454547 0.41927083333333326 0.06903409090909107 0.0625
0 0.871875 0.41927083333333337 0.11250000000000014 0.06510416666666671
0 0.8671875 0.48502604166666674 0.103125 0.05859374999999993
0 0.8654829545454547 0.55078125 0.09630681818181827 0.0625
0 0.7555397727272728 0.61328125 0.10653409090909094 0.06510416666666678
0 0.8671875 0.6204427083333333 0.0997159090909092 0.06380208333333336
0 0.7482954545454545 0.7578125 0.1022727272727272 0.06510416666666685
0 0.8808238636363638 0.8196614583333335 0.10482954545454547 0.05859375
0 0.6630681818181818 0.875 0.04261363636363626 0.11458333333333315
0 0.740625 0.884765625 0.08181818181818187 0.05598958333333314
0 0.875284090909091 0.888671875 0.10227272727272733 0.06640625
