0 0.08650568181818183 0.14843749999999997 0.1184659090909091 0.06770833333333331
0 0.19517045454545454 0.15104166666666669 0.08181818181818183 0.04947916666666666
0 0.08735795454545454 0.224609375 0.08948863636363637 0.06380208333333331
0 0.19857954545454548 0.21940104166666669 0.12954545454545452 0.053385416666666644
0 0.1009943181818182 0.29231770833333326 0.08778409090909092 0.058593749999999965
0 0.19857954545454548 0.291015625 0.09545454545454549 0.05859375
0 0.10525568181818183 0.35546875 0.08607954545454546 0.06510416666666657
0 0.20241477272727276 0.35807291666666663 0.09801136363636369 0.04166666666666671
0 0.09673295454545455 0.42838541666666663 0.08948863636363637 0.05208333333333329
0 0.19602272727272727 0.42447916666666663 0.0971590909090909 0.05729166666666671
0 0.09886363636363636 0.49348958333333326 0.10568181818181817 0.057291666666666644
0 0.1981534090909091 0.48502604166666663 0.08096590909090909 0.04557291666666671
0 0.19389204545454547 0.5559895833333333 0.0963068181818182 0.059895833333333356
0 0.10099431818181817 0.6302083333333333 0.10142045454545454 0.06770833333333336
0 0.09375 0.6907552083333333 0.10397727272727274 0.07161458333333343
0 0.2002840909090909 0.69140625 0.09545454545454544 0.04947916666666686
0 0.27954545454545454 0.6354166666666665 0.10397727272727274 0.05468749999999993
0 0.10269886363636363 0.755859375 0.084375 0.05598958333333314
0 0.19900568181818185 0.7591145833333333 0.09460227272727276 0.059895833333333426
0 0.09801136363636363 0.8268229166666667 0.0903409090909091 0.059895833333333426
0 0.10269886363636363 0.89453125 0.09630681818181816 0.05989583333333314
0 0.2028409090909091 0.8899739583333335 0.09375 0.05078125
0 0.4227272727272728 0.13932291666666669 0.0920454545454546 0.06770833333333336
0 0.5190340909090909 0.14908854166666666 0.09375 0.06640624999999996
0 0.41803977272727283 0.22395833333333331 0.1014204545454546 0.059895833333333356
0 0.5194602272727273 0.22526041666666663 0.09801136363636367 0.05989583333333332
0 0.5151988636363637 0.29622395833333337 0.09801136363636359 0.04036458333333332
0 0.4163352272727273 0.35221354166666674 0.1014204545454546 0.06640625000000004
0 0.515625 0.35481770833333337 0.09034090909090907 0.06119791666666671
0 0.42059659090909096 0.42643229166666674 0.084375 0.05078125
0 0.4150568181818183 0.48567708333333326 0.08352272727272726 0.057291666666666644
0 0.5100852272727273 0.48763020833333337 0.0928977272727272 0.06380208333333329
0 0.4176136363636364 0.5520833333333334 0.10056818181818188 0.0625
0 0.5190340909090909 0.5553385416666666 0.09034090909090907 0.05859375
0 0.4163352272727273 0.623046875 0.0826704545454546 0.05598958333333322
0 0.4223011363636364 0.751953125 0.084375 0.05598958333333314
0 0.5258522727272728 0.818359375 0.10909090909090914 0.06119791666666686
0 0.4184659090909091 0.884765625 0.08522727272727273 0.06119791666666686
0 0.5190340909090909 0.8912760416666667 0.1022727272727272 0.06380208333333343
0 0.7491477272727272 0.13671875000000003 0.10056818181818172 0.06510416666666669
0 0.7427556818181819 0.208984375 0.09801136363636359 0.06119791666666671
0 0.748721590909091 0.28059895833333337 0.08267045454545467 0.05338541666666668
0 0.8607954545454547 0.2805989583333333 0.0988636363636364 0.06380208333333336
0 0.7568181818181818 0.345703125 0.08181818181818173 0.05598958333333339
0 0.868465909090909 0.349609375 0.09545454545454547 0.06640625
0 0.7504261363636364 0.41666666666666663 0.084375 0.07291666666666671
0 0.8727272727272728 0.41731770833333337 0.10738636363636374 0.05598958333333329
0 0.8710227272727273 0.48111979166666663 0.1022727272727272 0.05338541666666671
0 0.8663352272727274 0.5540364583333333 0.09630681818181813 0.048177083333333356
0 0.7576704545454546 0.6178385416666667 0.10909090909090907 0.06901041666666664
0 0.8680397727272728 0.619140625 0.09971590909090906 0.05598958333333322
0 0.75 0.7552083333333333 0.09034090909090907 0.057291666666666574
0 0.8769886363636366 0.8098958333333333 0.09545454545454547 0.059895833333333426
0 0.6626420454545456 0.865234375 0.038352272727272665 0.12630208333333315
0 0.7444602272727273 0.8841145833333333 0.07585227272727281 0.059895833333333426
0 0.8765625 0.884765625 0.09289772727272734 0.06901041666666685
