0 0.08991477272727273 0.14973958333333331 0.12017045454545457 0.08072916666666664
0 0.19985795454545452 0.1484375 0.09119318181818184 0.0546875
0 0.09332386363636364 0.22591145833333331 0.09460227272727273 0.07421875000000004
0 0.19985795454545457 0.22526041666666663 0.12528409090909087 0.06250000000000004
0 0.1009943181818182 0.29947916666666663 0.09119318181818184 0.05729166666666668
0 0.1981534090909091 0.296875 0.09119318181818185 0.05989583333333339
0 0.10355113636363637 0.361328125 0.0775568181818182 0.053385416666666574
0 0.19176136363636367 0.359375 0.08352272727272729 0.049479166666666574
0 0.09928977272727274 0.41796875 0.09119318181818184 0.0546875
0 0.19176136363636367 0.42447916666666663 0.08352272727272729 0.05208333333333329
0 0.10099431818181817 0.49609375 0.10142045454545454 0.0546875
0 0.20198863636363637 0.49088541666666674 0.09034090909090907 0.06249999999999993
0 0.19517045454545456 0.5553385416666667 0.09034090909090908 0.053385416666666644
0 0.09289772727272727 0.6178385416666665 0.10056818181818182 0.06640624999999993
0 0.2791193181818182 0.6334635416666667 0.11846590909090907 0.07161458333333343
0 0.08735795454545454 0.693359375 0.12187500000000001 0.05338541666666686
0 0.1947443181818182 0.6907552083333335 0.08607954545454549 0.06640625
0 0.10951704545454546 0.763671875 0.08267045454545453 0.05859375
0 0.1887784090909091 0.759765625 0.07073863636363635 0.06119791666666686
0 0.10525568181818183 0.8255208333333333 0.07926136363636366 0.059895833333333426
0 0.10951704545454546 0.8997395833333333 0.08607954545454545 0.06510416666666657
0 0.2015625 0.900390625 0.08607954545454545 0.06640625
0 0.42017045454545454 0.14778645833333334 0.08863636363636367 0.058593750000000035
0 0.5215909090909091 0.15169270833333334 0.09034090909090914 0.06380208333333331
0 0.4227272727272728 0.22395833333333337 0.0920454545454546 0.054687499999999965
0 0.516903409090909 0.228515625 0.08948863636363633 0.04296875
0 0.515625 0.2884114583333333 0.10397727272727274 0.05859375
0 0.4154829545454546 0.35026041666666674 0.10142045454545454 0.0546875
0 0.5203125 0.35416666666666663 0.09289772727272727 0.06510416666666671
0 0.4248579545454546 0.42447916666666663 0.08607954545454546 0.05989583333333329
0 0.5198863636363636 0.49088541666666674 0.09204545454545453 0.06249999999999993
0 0.41122159090909094 0.5494791666666667 0.10142045454545454 0.059895833333333356
0 0.41889204545454545 0.48697916666666674 0.0775568181818182 0.059895833333333356
0 0.5198863636363636 0.556640625 0.09715909090909093 0.04817708333333329
0 0.4210227272727273 0.6217447916666667 0.0818181818181818 0.048177083333333426
0 0.41889204545454545 0.75 0.08607954545454546 0.0625
0 0.5232954545454546 0.8177083333333333 0.11079545454545453 0.059895833333333426
0 0.4171875 0.8821614583333333 0.0911931818181818 0.06901041666666657
0 0.5271306818181819 0.8951822916666665 0.1014204545454546 0.07421875
0 0.7508522727272728 0.13216145833333331 0.0852272727272728 0.06901041666666664
0 0.7504261363636363 0.2076822916666667 0.09801136363636359 0.05859375
0 0.7508522727272728 0.28125 0.09034090909090921 0.0625
0 0.7521306818181819 0.34765625 0.08948863636363641 0.05729166666666661
0 0.751278409090909 0.419921875 0.08267045454545453 0.06640625
0 0.7534090909090909 0.615234375 0.12272727272727266 0.07421875
0 0.8582386363636364 0.28450520833333337 0.10397727272727281 0.07682291666666671
0 0.8671875 0.35286458333333337 0.11164772727272734 0.05729166666666671
0 0.8697443181818183 0.41536458333333326 0.1133522727272728 0.0625
0 0.8710227272727273 0.48697916666666674 0.11079545454545467 0.05468749999999993
0 0.871875 0.5514322916666666 0.10909090909090921 0.05859375
0 0.8740056818181818 0.6217447916666667 0.09971590909090906 0.06901041666666664
0 0.7423295454545457 0.7506510416666665 0.0886363636363636 0.05859375
0 0.8697443181818183 0.8190104166666665 0.09630681818181813 0.0625
0 0.6583806818181819 0.873046875 0.03664772727272719 0.12630208333333315
0 0.7393465909090909 0.890625 0.08267045454545453 0.05989583333333314
0 0.865909090909091 0.8893229166666667 0.09545454545454547 0.06510416666666657
