0 0.09119318181818184 0.15039062500000003 0.12272727272727275 0.07682291666666669
0 0.19900568181818185 0.15690104166666663 0.08267045454545455 0.05859374999999998
0 0.08778409090909094 0.224609375 0.09204545454545457 0.05598958333333332
0 0.2075284090909091 0.224609375 0.1423295454545454 0.05859375
0 0.09886363636363636 0.29361979166666663 0.09375 0.06640624999999996
0 0.1994318181818182 0.29752604166666674 0.10056818181818179 0.058593750000000035
0 0.1078125 0.365234375 0.07585227272727274 0.05078125
0 0.19218750000000004 0.36588541666666663 0.08437500000000002 0.04947916666666671
0 0.1009943181818182 0.4296875 0.09289772727272728 0.059895833333333426
0 0.1921875 0.42578125 0.08267045454545459 0.046875
0 0.09417613636363636 0.49283854166666674 0.10994318181818183 0.05859375
0 0.20113636363636367 0.49088541666666663 0.08522727272727275 0.04947916666666671
0 0.196875 0.556640625 0.09034090909090912 0.04817708333333329
0 0.09375 0.6256510416666667 0.10397727272727274 0.06380208333333343
0 0.27656250000000004 0.630859375 0.11335227272727273 0.07682291666666678
0 0.08778409090909092 0.693359375 0.10738636363636363 0.05338541666666686
0 0.19644886363636366 0.6953125 0.09801136363636363 0.05208333333333314
0 0.1044034090909091 0.759765625 0.08607954545454546 0.05078125
0 0.18920454545454546 0.759765625 0.0818181818181818 0.06901041666666685
0 0.10227272727272727 0.828125 0.07670454545454546 0.0546875
0 0.10482954545454547 0.8990885416666665 0.0903409090909091 0.05859375
0 0.19644886363636366 0.896484375 0.08267045454545457 0.06119791666666686
0 0.4214488636363637 0.14973958333333334 0.08267045454545453 0.05989583333333332
0 0.5169034090909091 0.14973958333333334 0.09630681818181813 0.07552083333333331
0 0.4214488636363637 0.21940104166666669 0.09119318181818187 0.061197916666666644
0 0.5198863636363636 0.22591145833333337 0.09545454545454547 0.050781249999999965
0 0.5160511363636364 0.294921875 0.09971590909090906 0.05598958333333339
0 0.41803977272727283 0.353515625 0.09460227272727273 0.06640625
0 0.5190340909090909 0.35091145833333337 0.09886363636363633 0.05338541666666671
0 0.42017045454545454 0.42447916666666674 0.08522727272727273 0.0546875
0 0.41931818181818187 0.490234375 0.08011363636363633 0.06640625
0 0.5139204545454545 0.490234375 0.08522727272727267 0.061197916666666644
0 0.4163352272727273 0.5572916666666667 0.09460227272727273 0.059895833333333356
0 0.5207386363636364 0.5559895833333333 0.09715909090909093 0.057291666666666644
0 0.41590909090909095 0.6178385416666667 0.08352272727272733 0.055989583333333426
0 0.4214488636363637 0.7552083333333335 0.084375 0.0546875
0 0.525 0.8235677083333333 0.12102272727272727 0.055989583333333426
0 0.41846590909090914 0.890625 0.09204545454545453 0.06510416666666685
0 0.5284090909090909 0.8880208333333333 0.10056818181818188 0.049479166666666574
0 0.7470170454545456 0.13736979166666669 0.08437500000000014 0.055989583333333356
0 0.7397727272727274 0.208984375 0.08181818181818187 0.05859375
0 0.7470170454545456 0.2766927083333333 0.08948863636363641 0.05078125
0 0.8595170454545457 0.28971354166666663 0.10482954545454547 0.05598958333333332
0 0.7495738636363637 0.3515625 0.08267045454545453 0.0625
0 0.8740056818181818 0.359375 0.10653409090909094 0.059895833333333426
0 0.8744318181818181 0.42122395833333326 0.11420454545454546 0.05859375
0 0.7482954545454545 0.42578125 0.08863636363636374 0.052083333333333426
0 0.8723011363636366 0.48567708333333326 0.10482954545454547 0.05468750000000007
0 0.8693181818181819 0.5514322916666667 0.1022727272727272 0.055989583333333356
0 0.7606534090909091 0.6204427083333333 0.103125 0.055989583333333356
0 0.8748579545454547 0.623046875 0.10653409090909094 0.06119791666666678
0 0.748721590909091 0.75 0.09630681818181813 0.07552083333333315
0 0.6600852272727273 0.8743489583333335 0.041761363636363666 0.11328125
0 0.7363636363636366 0.88671875 0.0801136363636364 0.05989583333333314
0 0.8778409090909092 0.8177083333333333 0.10056818181818188 0.059895833333333426
0 0.8714488636363638 0.8821614583333333 0.10142045454545454 0.06380208333333343
