0 0.08948863636363637 0.14908854166666669 0.12613636363636363 0.048177083333333356
0 0.196875 0.14843750000000003 0.07329545454545457 0.04947916666666668
0 0.0997159090909091 0.22786458333333331 0.09545454545454547 0.07031250000000004
0 0.20369318181818183 0.220703125 0.12784090909090914 0.05859375
0 0.09588068181818184 0.30013020833333326 0.09460227272727273 0.058593749999999965
0 0.19517045454545454 0.30208333333333326 0.08693181818181818 0.054687499999999965
0 0.10269886363636363 0.36393229166666663 0.08267045454545455 0.04817708333333329
0 0.1994318181818182 0.36458333333333326 0.10397727272727277 0.0546875
0 0.09715909090909092 0.427734375 0.09545454545454547 0.045572916666666574
0 0.19559659090909093 0.42447916666666663 0.09460227272727273 0.05729166666666671
0 0.09928977272727274 0.49674479166666674 0.10823863636363637 0.06640624999999993
0 0.1994318181818182 0.48567708333333337 0.08011363636363635 0.05208333333333329
0 0.20071022727272728 0.5598958333333333 0.09801136363636365 0.059895833333333356
0 0.09460227272727273 0.625 0.09886363636363636 0.0625
0 0.0890625 0.697265625 0.10823863636363637 0.04036458333333314
0 0.19900568181818185 0.6946614583333333 0.10142045454545454 0.06380208333333343
0 0.10355113636363637 0.7584635416666667 0.08778409090909094 0.048177083333333426
0 0.1955965909090909 0.759765625 0.08948863636363638 0.06380208333333315
0 0.10056818181818183 0.826171875 0.09204545454545456 0.06640625
0 0.10227272727272728 0.900390625 0.09204545454545457 0.06901041666666685
0 0.19857954545454548 0.8951822916666667 0.09034090909090912 0.06901041666666657
0 0.41931818181818187 0.150390625 0.08863636363636367 0.05859375
0 0.5194602272727272 0.15690104166666669 0.08607954545454546 0.07161458333333336
0 0.42059659090909096 0.22200520833333337 0.0963068181818182 0.06640624999999996
0 0.5147727272727273 0.22395833333333337 0.08693181818181812 0.062499999999999965
0 0.5164772727272727 0.291015625 0.1073863636363636 0.06119791666666661
0 0.41590909090909095 0.35026041666666663 0.10056818181818188 0.06770833333333329
0 0.5177556818181819 0.353515625 0.08948863636363633 0.061197916666666574
0 0.4133522727272727 0.42447916666666674 0.09375 0.046875
0 0.4171875 0.4921875 0.08948863636363633 0.059895833333333356
0 0.5126420454545455 0.48828125 0.0928977272727272 0.06510416666666664
0 0.4154829545454546 0.5559895833333333 0.10653409090909094 0.052083333333333356
0 0.28764204545454547 0.6399739583333333 0.1116477272727273 0.06380208333333336
0 0.41207386363636367 0.62109375 0.09460227272727266 0.05729166666666678
0 0.5203125 0.5579427083333334 0.08948863636363633 0.05078125
0 0.41931818181818187 0.75390625 0.08693181818181821 0.05208333333333314
0 0.5254261363636364 0.826171875 0.10653409090909094 0.05859375
0 0.4210227272727273 0.8828125 0.0920454545454546 0.0625
0 0.5284090909090909 0.8893229166666665 0.09715909090909093 0.0625
0 0.7521306818181819 0.13541666666666666 0.08778409090909094 0.06510416666666669
0 0.7508522727272728 0.20703125 0.09204545454545453 0.05208333333333329
0 0.7517045454545456 0.2766927083333333 0.0801136363636364 0.06380208333333336
0 0.7598011363636364 0.35611979166666663 0.0928977272727272 0.05598958333333329
0 0.7538352272727273 0.42447916666666663 0.084375 0.05729166666666671
0 0.759375 0.6178385416666665 0.11931818181818186 0.06640624999999993
0 0.7508522727272728 0.7421875 0.0852272727272728 0.0703125
0 0.8642045454545456 0.27994791666666663 0.10568181818181827 0.06770833333333331
0 0.8740056818181818 0.35807291666666663 0.11505681818181814 0.05729166666666671
0 0.8744318181818181 0.42057291666666663 0.11420454545454546 0.05729166666666671
0 0.8701704545454547 0.48502604166666674 0.12102272727272734 0.05859374999999993
0 0.868465909090909 0.556640625 0.11250000000000014 0.05859375
0 0.8782670454545456 0.626953125 0.11164772727272734 0.06640625
0 0.8816761363636365 0.8170572916666667 0.1082386363636364 0.053385416666666574
0 0.6622159090909091 0.8717447916666665 0.03579545454545453 0.12109375
0 0.7436079545454547 0.8919270833333333 0.09119318181818187 0.057291666666666574
0 0.8778409090909091 0.8880208333333333 0.11079545454545453 0.07552083333333343
