0 0.24715909090909094 0.13932291666666666 0.07670454545454543 0.04947916666666668
0 0.253125 0.20963541666666669 0.09204545454545457 0.057291666666666644
0 0.14446022727272725 0.28776041666666663 0.08778409090909092 0.05729166666666668
0 0.2484375 0.2805989583333333 0.08607954545454544 0.06380208333333336
0 0.12656250000000002 0.3515625 0.0928977272727273 0.052083333333333426
0 0.1338068181818182 0.42122395833333337 0.08693181818181817 0.05338541666666671
0 0.24375 0.34895833333333337 0.07329545454545454 0.05989583333333332
0 0.24801136363636367 0.42057291666666663 0.08011363636363637 0.05729166666666671
0 0.13764204545454548 0.48372395833333337 0.0963068181818182 0.06380208333333329
0 0.13764204545454548 0.5540364583333333 0.08607954545454546 0.053385416666666644
0 0.13465909090909092 0.619140625 0.08863636363636364 0.05859375
0 0.24247159090909093 0.6217447916666667 0.10142045454545456 0.06901041666666664
0 0.2501420454545455 0.7486979166666665 0.08607954545454546 0.0703125
0 0.12613636363636363 0.8131510416666667 0.08522727272727272 0.061197916666666574
0 0.12869318181818185 0.8834635416666667 0.08863636363636367 0.06380208333333343
0 0.2616477272727273 0.888671875 0.08352272727272723 0.06380208333333315
0 0.3460227272727273 0.8658854166666667 0.0494318181818182 0.12760416666666657
0 0.48238636363636367 0.15559895833333331 0.09204545454545453 0.06640625
0 0.5774147727272728 0.15104166666666669 0.08437499999999992 0.059895833333333356
0 0.48579545454545453 0.21549479166666669 0.07670454545454547 0.045572916666666644
0 0.5786931818181819 0.22200520833333337 0.09375 0.06901041666666669
0 0.48920454545454556 0.2890625 0.09715909090909093 0.0625
0 0.4866477272727273 0.357421875 0.08863636363636367 0.040364583333333426
0 0.5855113636363637 0.35286458333333337 0.09545454545454547 0.05729166666666671
0 0.5795454545454547 0.42382812499999994 0.08011363636363629 0.04817708333333328
0 0.4900568181818182 0.490234375 0.08693181818181828 0.055989583333333356
0 0.5880681818181819 0.49153645833333337 0.09715909090909093 0.06380208333333329
0 0.4832386363636364 0.5514322916666667 0.09034090909090907 0.07161458333333336
0 0.5863636363636364 0.556640625 0.10397727272727274 0.07161458333333329
0 0.5838068181818182 0.623046875 0.08693181818181821 0.05859375
0 0.4713068181818182 0.818359375 0.1125 0.06119791666666686
0 0.5816761363636364 0.75390625 0.09971590909090906 0.05989583333333314
0 0.584659090909091 0.8912760416666665 0.08693181818181821 0.05859375
0 0.478125 0.8893229166666667 0.10056818181818179 0.057291666666666574
0 0.8024147727272728 0.8977864583333335 0.0877840909090908 0.06640625
0 0.9055397727272728 0.90234375 0.10142045454545454 0.05989583333333314
0 0.9051136363636364 0.828125 0.09715909090909093 0.0625
0 0.8032670454545454 0.7584635416666667 0.09630681818181813 0.053385416666666574
0 0.8991477272727273 0.7610677083333333 0.08352272727272719 0.061197916666666574
0 0.8105113636363638 0.69140625 0.09034090909090921 0.046875
0 0.9119318181818182 0.6959635416666667 0.10909090909090907 0.06380208333333343
0 0.9072443181818182 0.625 0.10482954545454547 0.0625
0 0.7193181818181819 0.630859375 0.09545454545454547 0.08463541666666678
0 0.8066761363636364 0.556640625 0.08096590909090906 0.04817708333333329
0 0.9021306818181819 0.49609375 0.1082386363636364 0.07291666666666664
0 0.8075284090909091 0.49348958333333326 0.07244318181818173 0.06510416666666664
0 0.9063920454545457 0.42578125 0.09801136363636359 0.0625
0 0.8075284090909091 0.42317708333333326 0.0741477272727272 0.0625
0 0.8079545454545455 0.359375 0.08352272727272719 0.0625
0 0.8927556818181819 0.36458333333333337 0.07414772727272734 0.05989583333333329
0 0.8088068181818181 0.298828125 0.08693181818181828 0.05598958333333339
0 0.8991477272727273 0.29817708333333326 0.08352272727272719 0.07031249999999996
0 0.9140625 0.22721354166666669 0.09630681818181827 0.061197916666666644
0 0.8011363636363638 0.21809895833333337 0.12272727272727266 0.08463541666666669
0 0.8011363636363638 0.14322916666666666 0.08522727272727267 0.05729166666666668
0 0.9140625 0.14843749999999997 0.12187500000000014 0.06770833333333331
