0 0.24673295454545452 0.14127604166666669 0.0809659090909091 0.06380208333333336
0 0.2506418395880081 0.21167135974868928 0.0870853575840896 0.061406341886217
0 0.24668341424327678 0.27679929811285886 0.07429659877803452 0.05582394716928825
0 0.1428508725084007 0.2888944866662046 0.0870853575840896 0.059545543647240746
0 0.12914863093048454 0.3554180237096064 0.08769434609866368 0.06233674100570518
0 0.1337160447897899 0.42101116163352004 0.08952131164238585 0.053963148930311886
0 0.1370654816199472 0.48427830175871334 0.08525839204036746 0.05954554364724082
0 0.13797896439180826 0.5540582357203236 0.0870853575840896 0.05396314893031196
0 0.13462952756165097 0.6205817727637254 0.08525839204036745 0.0548935480498001
0 0.24272498889854546 0.6145341784870524 0.10170108193386693 0.0632671401251934
0 0.12772727272727274 0.8201388888888889 0.08454545454545455 0.05416666666666657
0 0.13272727272727272 0.8888888888888888 0.07454545454545453 0.058333333333333286
0 0.25272727272727274 0.7520833333333334 0.08545454545454546 0.06805555555555558
0 0.2586363636363636 0.8847222222222223 0.0809090909090909 0.06666666666666671
0 0.34045454545454545 0.8708333333333332 0.04454545454545457 0.125
0 0.24954545454545454 0.3520833333333333 0.0809090909090909 0.06527777777777778
0 0.25363636363636366 0.42430555555555555 0.08181818181818183 0.05972222222222221
0 0.485 0.15069444444444444 0.0918181818181818 0.07361111111111111
0 0.58 0.15486111111111112 0.09090909090909094 0.06805555555555555
0 0.4904545454545455 0.22847222222222222 0.0772727272727272 0.06250000000000004
0 0.5818181818181818 0.22291666666666668 0.09818181818181813 0.07083333333333336
0 0.49272727272727274 0.29097222222222224 0.08545454545454546 0.05138888888888893
0 0.4895454545454545 0.35833333333333334 0.08272727272727266 0.06388888888888886
0 0.5859090909090908 0.35625 0.10090909090909093 0.07083333333333329
0 0.5790909090909091 0.42569444444444443 0.08363636363636359 0.0625
0 0.4886363636363636 0.49236111111111114 0.08454545454545453 0.06527777777777778
0 0.5809090909090908 0.4916666666666667 0.08 0.058333333333333355
0 0.4863636363636364 0.55625 0.0854545454545454 0.0625
0 0.5872727272727273 0.5548611111111111 0.09818181818181813 0.07083333333333329
0 0.5822727272727273 0.625 0.08454545454545453 0.058333333333333355
0 0.5813636363636364 0.75625 0.08999999999999993 0.05972222222222229
0 0.4768181818181818 0.8194444444444444 0.10454545454545454 0.06666666666666657
0 0.4763636363636364 0.8944444444444444 0.09090909090909094 0.06388888888888886
0 0.5804545454545454 0.8875 0.07909090909090914 0.05555555555555543
0 0.7209090909090909 0.6298611111111111 0.08727272727272734 0.09861111111111122
0 0.8109090909090909 0.6916666666666665 0.08363636363636374 0.063888888888889
0 0.9022727272727272 0.6291666666666665 0.08818181818181828 0.061111111111111074
0 0.9095454545454544 0.6993055555555556 0.10272727272727267 0.07361111111111114
0 0.8163636363636364 0.7611111111111112 0.06909090909090906 0.063888888888889
0 0.9 0.7604166666666667 0.08727272727272734 0.05138888888888886
0 0.9013636363636364 0.8298611111111112 0.09727272727272719 0.06805555555555558
0 0.8027272727272728 0.8986111111111111 0.0890909090909092 0.06666666666666657
0 0.8963636363636363 0.9041666666666667 0.08545454545454546 0.061111111111111144
0 0.8086363636363636 0.5576388888888889 0.08090909090909093 0.0569444444444445
0 0.9013636363636363 0.4965277777777778 0.09545454545454547 0.06805555555555558
0 0.8068181818181819 0.4847222222222223 0.07545454545454547 0.06388888888888893
0 0.8159090909090909 0.4208333333333333 0.07181818181818186 0.05000000000000007
0 0.905 0.42708333333333326 0.09727272727272734 0.0625
0 0.8104545454545453 0.3625 0.0863636363636364 0.061111111111111144
0 0.895909090909091 0.3625 0.07363636363636374 0.05555555555555557
0 0.8981818181818181 0.3027777777777778 0.08363636363636374 0.06666666666666671
0 0.8077272727272728 0.2965277777777778 0.08272727272727266 0.0625
0 0.8022727272727274 0.22152777777777774 0.1172727272727272 0.08194444444444443
0 0.8086363636363636 0.15277777777777776 0.0827272727272728 0.05833333333333332
0 0.9109090909090909 0.15069444444444444 0.11636363636363627 0.06249999999999998
0 0.9113636363636364 0.22916666666666669 0.08818181818181813 0.061111111111111144
