0 0.08863636363636365 0.14713541666666666 0.11761363636363638 0.07291666666666669
0 0.20539772727272726 0.15169270833333334 0.09886363636363633 0.06380208333333331
0 0.08863636363636364 0.22721354166666663 0.09375 0.06380208333333331
0 0.20113636363636364 0.22200520833333331 0.1244318181818182 0.07161458333333336
0 0.0963068181818182 0.29817708333333337 0.09715909090909092 0.06770833333333331
0 0.19900568181818187 0.29557291666666663 0.10312500000000004 0.05989583333333329
0 0.09886363636363636 0.36328125 0.09375 0.057291666666666574
0 0.1990056818181818 0.36328125 0.09630681818181819 0.052083333333333426
0 0.10056818181818183 0.43033854166666663 0.08863636363636365 0.05598958333333329
0 0.1887784090909091 0.42643229166666674 0.07755681818181819 0.05078125
0 0.0975852272727273 0.49739583333333326 0.10312500000000004 0.049479166666666644
0 0.20071022727272728 0.48307291666666663 0.0877840909090909 0.04947916666666671
0 0.19687500000000002 0.5533854166666666 0.09375000000000001 0.0625
0 0.09417613636363636 0.62109375 0.09460227272727273 0.07291666666666678
0 0.2833806818181818 0.634765625 0.11335227272727273 0.05338541666666678
0 0.09417613636363636 0.6979166666666667 0.11164772727272729 0.06510416666666657
0 0.2049715909090909 0.6946614583333333 0.09971590909090906 0.061197916666666574
0 0.10355113636363637 0.76171875 0.0775568181818182 0.04427083333333314
0 0.19644886363636363 0.765625 0.09119318181818185 0.0703125
0 0.10653409090909091 0.8268229166666667 0.08181818181818183 0.06770833333333343
0 0.09801136363636363 0.904296875 0.08863636363636365 0.05598958333333314
0 0.20198863636363637 0.904296875 0.08522727272727272 0.05859375
0 0.421875 0.15039062499999997 0.08693181818181821 0.05598958333333332
0 0.5194602272727273 0.15885416666666663 0.09289772727272727 0.06249999999999998
0 0.4244318181818183 0.22200520833333337 0.08863636363636367 0.06119791666666668
0 0.5194602272727273 0.22721354166666663 0.09289772727272727 0.058593750000000035
0 0.5181818181818182 0.30013020833333337 0.1073863636363636 0.06380208333333331
0 0.41803977272727283 0.34635416666666663 0.09801136363636367 0.06770833333333329
0 0.5186079545454545 0.35677083333333326 0.09460227272727273 0.046875
0 0.41931818181818187 0.42122395833333326 0.08693181818181821 0.05859375
0 0.4227272727272728 0.48958333333333326 0.0818181818181818 0.049479166666666644
0 0.5177556818181819 0.4921875 0.09630681818181813 0.057291666666666644
0 0.40866477272727275 0.5494791666666666 0.10482954545454547 0.0625
0 0.5305397727272728 0.55859375 0.1099431818181818 0.05989583333333329
0 0.4137784090909091 0.623046875 0.08778409090909094 0.05338541666666678
0 0.4197443181818182 0.7486979166666665 0.08778409090909094 0.0625
0 0.523721590909091 0.8157552083333333 0.09630681818181813 0.07161458333333343
0 0.41889204545454545 0.8821614583333333 0.08948863636363641 0.055989583333333426
0 0.525 0.888671875 0.09034090909090907 0.05859375
0 0.7495738636363637 0.13997395833333331 0.08948863636363641 0.053385416666666644
0 0.7478693181818181 0.21028645833333331 0.09630681818181827 0.053385416666666644
0 0.7555397727272728 0.275390625 0.0792613636363636 0.05598958333333332
0 0.7559659090909091 0.35221354166666663 0.08352272727272719 0.05598958333333329
0 0.7427556818181819 0.42057291666666674 0.08778409090909094 0.0546875
0 0.8646306818181819 0.287109375 0.10142045454545467 0.06380208333333336
0 0.8757102272727273 0.35481770833333326 0.10994318181818187 0.05859375
0 0.8680397727272728 0.42317708333333326 0.09801136363636374 0.0625
0 0.865909090909091 0.48046875 0.09715909090909093 0.057291666666666644
0 0.871875 0.5533854166666667 0.10227272727272733 0.052083333333333356
0 0.7585227272727272 0.6178385416666665 0.11420454545454546 0.05078124999999993
0 0.8774147727272728 0.6236979166666667 0.1048295454545456 0.06770833333333343
0 0.7529829545454545 0.7545572916666665 0.0946022727272728 0.05078125
0 0.6600852272727273 0.87109375 0.04346590909090906 0.140625
0 0.7410511363636364 0.8828125 0.07926136363636374 0.06770833333333315
0 0.8803977272727274 0.818359375 0.10397727272727281 0.06901041666666685
0 0.8778409090909092 0.8854166666666667 0.10397727272727281 0.06770833333333343
